3,
3616,
6,
9,
24,
2,
41,
31,
6,
2,
1,
4,
746,
113,
88,
2,
19,
34,
3,
3,
3,
18,
13,
49,
3,
12,
7476,
13,
1857,
84,
10,
7,
148,
1,
8,
3,
4,
45,
4,
2,
1,
3,
9,
128,
4,
4,
12,
7,
3,
32,
2,
3,
6,
23,
3,
13,
518,
2,
3,
21,
11062,
0,
3,
6,
37,
16,
6,
35,
2,
9,
24,
28,
36,
248,
4,
3,
1074,
3,
413,
1032,
7,
39,
2,
20,
0,
4,
3,
3,
4,
0,
16,
21,
45,
6,
3,
45,
3,
12,
26,
341,
3,
83,
38,
3687,
2,
3,
4,
1,
27,
35,
3,
164,
4,
2,
16,
27,
3,
3,
3,
19,
492,
2,
29,
3,
31,
15,
0,
29,
44,
0,
60,
15,
217,
9,
24,
2,
3,
6,
7,
4282,
1,
9,
7,
16,
12,
8,
13,
0,
3,
83,
104,
47,
51,
9,
6,
3,
2,
1,
19,
10,
128,
155,
93,
37,
57,
15,
3,
47,
0,
39,
9,
4,
54,
404,
5,
377,
13,
5,
245,
28,
369325,
1599,
219,
3,
53,
9,
2,
5,
49,
3,
10,
976,
583,
3,
6,
16,
1,
5,
2,
6,
16,
3,
2,
262,
3,
3,
9,
9,
52,
95,
267,
1,
27,
8,
18,
442,
612,
4,
317,
20,
1,
1,
29,
40,
7,
99,
4,
3,
15,
3,
3,
3,
4,
111,
3,
3,
3,
101,
0,
325,
1,
2,
11,
165,
8,
4,
78,
1,
43,
10,
420,
4,
2,
8,
15,
15,
9,
4,
1,
0,
0,
5,
5,
3,
23,
3,
3,
1,
551,
0,
9,
28,
95,
10906,
3,
12,
1494,
2,
16322,
2,
3,
8,
5,
19,
81,
22,
17,
5,
10,
93,
112,
3,
5,
81,
3,
66,
24,
6,
3,
71,
10,
4,
18,
6,
3,
11,
3,
2,
5,
88,
174,
169,
5420,
5,
3,
4,
667,
344,
2,
6,
3,
163,
3,
14,
3,
36,
2,
9,
20,
2,
172,
17,
0,
0,
10,
4,
2,
3,
2,
3,
2,
16,
457,
1,
3,
3,
0,
0,
1625,
3,
295,
679,
15,
30,
1,
18,
150,
6,
0,
10,
3,
41,
157,
5,
0,
15,
3,
1234,
43,
22,
85,
3,
5,
0,
2,
16,
131,
63,
96,
304,
1,
2,
0,
5,
14659,
21,
3,
40,
3,
3,
9,
3,
872,
1,
0,
3,
18,
33,
20,
6,
3,
10,
3,
66,
4,
1,
1,
3,
5,
6,
55,
3,
2,
8,
1,
3,
245,
136113,
0,
5,
101,
1,
3,
2,
52,
2342,
69,
24,
43,
60,
10,
0,
34,
3,
25,
6,
3,
4,
6,
15,
14,
8,
3,
45,
6,
65,
248,
8,
30,
23,
4,
23,
1592,
23,
2,
0,
46,
12,
0,
76,
19,
1237,
6,
3,
16,
3,
2,
3,
83,
4,
1,
3,
3,
16,
239,
0,
1,
2,
9,
18,
2,
4,
4,
7,
0,
0,
154,
2024,
19,
11,
3,
8,
14,
3,
4,
1,
2,
7,
1192,
6,
1,
3,
3,
111,
0,
2045,
57,
17,
6,
10,
3,
29,
18,
441029,
594,
126,
4,
3,
2,
5,
3,
17,
204,
9,
323,
5,
4,
12,
22,
3,
9,
3,
5,
8,
9,
3,
49,
3,
36,
10,
6,
3,
9,
375,
209,
4,
0,
3,
535,
1,
652,
6,
7,
1803,
11,
6,
16,
19,
3,
3,
14,
75,
51,
7,
21,
3,
313,
195,
1577,
6,
54,
39,
54,
3,
27,
80,
17,
6,
102,
3,
9,
28,
12,
5,
4,
21,
5,
3,
8,
60,
21,
1636,
2007,
3,
6,
611,
4,
122,
4,
6,
6,
522,
457,
9,
4,
3,
9,
29,
50,
41,
0,
1,
3,
3,
4,
7,
35,
3,
10,
1,
13,
30,
2,
0,
3,
83,
3,
3,
58,
3,
2,
3,
3,
4,
291,
144,
6,
9,
165,
22,
11,
139,
6,
20,
10,
6,
9,
0,
7,
3,
9,
180,
3,
30,
21,
525,
2804,
17,
39,
4,
0,
6,
22,
3,
3,
1292,
6,
10,
0,
0,
4,
0,
3,
8,
55,
115,
3,
4,
99,
12,
59,
6,
4,
4,
11,
2,
65008,
3,
45,
89,
4,
4439,
21,
6,
30,
4535,
6,
4,
15,
3,
3,
6,
12,
104,
0,
0,
49,
0,
18,
13,
194,
2,
9,
4,
0,
8,
24,
0,
176,
6,
2,
9,
1499,
8,
3,
629,
80,
4907,
0,
9,
4,
2,
2,
23,
5,
16,
508,
3,
2,
456,
6,
1018,
0,
9,
2,
0,
3,
2,
3,
5593,
0,
8,
1,
0,
2,
50,
201,
411,
3,
139,
84,
0,
5,
318,
5,
0,
4,
7,
2,
8,
3,
364,
7,
17,
15,
30,
2754,
5,
5,
49,
2,
2,
21,
70,
7,
3,
2,
3,
315,
89,
19,
101,
18,
120,
5,
2,
4,
12,
4917,
4,
3,
1764,
28,
22,
16,
24,
29,
2,
4,
2571,
30,
27,
2,
0,
0,
157,
218,
699,
2,
579,
6,
19,
3,
144,
502,
3,
2,
19,
1,
30,
188,
6,
3,
87,
27,
5,
39,
36,
13,
82,
6,
117,
3,
42,
48,
28,
104,
6,
108,
3,
12,
3,
3,
72,
12,
3,
13,
18,
18,
8,
216583,
8,
3,
9,
11,
2,
6,
7,
3,
1,
3,
20,
0,
12,
2,
10,
3,
3,
3,
2,
2,
0,
0,
93734,
3,
333,
10,
1618,
17,
2,
6,
3,
31,
8,
8,
30802,
3,
3,
4,
3,
26,
189,
6,
218,
3,
3,
0,
5,
2,
164,
30,
3,
2,
12,
103,
38,
443,
2,
6,
0,
3,
37,
6,
4,
6,
10,
32,
6,
10,
2,
18,
4,
2,
4,
37,
10,
6,
2,
87,
15,
4,
10,
4,
10558,
3,
3,
3,
4,
0,
15,
8,
2,
11,
582,
2,
50,
9,
5,
892,
56,
2,
8,
1,
3,
3,
11,
39,
19,
4,
19,
3,
3,
1,
2,
7261,
49,
45,
14,
0,
1,
11,
4286,
3,
29,
15,
7,
5,
2,
8,
3,
2,
4,
21,
17,
0,
3,
58,
14,
2,
3,
