1000 1e-05 2.14508
1000 3e-05 2.2253
1000 0.0001 2.40552
1000 0.0003 3.07167
1000 0.001 5.63306
1000 0.003 12.3968
1000 0.01 34.0885
1000 0.03 88.0966
1000 0.1 229.048
3000 1e-05 0.708956
3000 3e-05 0.761733
3000 0.0001 0.938181
3000 0.0003 1.54739
3000 0.001 3.5653
3000 0.003 9.4729
3000 0.01 32.5785
3000 0.03 84.3924
3000 0.1 227.893
10000 1e-05 0.281559
10000 3e-05 0.332416
10000 0.0001 0.547776
10000 0.0003 1.13783
10000 0.001 2.98083
10000 0.003 8.02896
10000 0.01 30.4709
10000 0.03 84.0064
10000 0.1 228.154
30000 1e-05 0.156163
30000 3e-05 0.216793
30000 0.0001 0.431892
30000 0.0003 1.0259
30000 0.001 2.79437
30000 0.003 7.85177
30000 0.01 30.089
30000 0.03 85.222
30000 0.1 229.485
100000 1e-05 0.111952
100000 3e-05 0.177445
100000 0.0001 0.452605
100000 0.0003 0.989443
100000 0.001 2.78976
100000 0.003 7.97029
100000 0.01 31.9752
100000 0.03 85.3423
100000 0.1 232.166
300000 1e-05 0.101637
300000 3e-05 0.17912
300000 0.0003 0.998647
300000 0.001 2.83033
300000 0.003 8.13954
300000 0.01 32.1215
300000 0.03 85.9665
300000 0.1 240.374
1000000 1e-05 0.101168
1000000 3e-05 0.17849
1000000 0.0001 0.459433
1000000 0.0003 1.03805
1000000 0.001 3.00647
1000000 0.003 8.51112
1000000 0.01 32.9824
1000000 0.03 90.0372
1000000 0.1 255.948
